100   2915
102   3917
102   5928
103   7946
104   9637
104   11806
105   14543
106   17519
107   20428
108   23060
109   27076
110   30306
111   35762
112   39677
113   44584
114   48391
114   54335
115   61143
116   69879
117   72431
118   79532
119   90639
120   97236
121   104929
122   115085
123   125060
124   134044
124   145462
125   155324
126   167005
127   177352
128   191896
129   203319
130   210283
131   221558
132   237853
132   245032
134   257829
134   264162
135   277337
136   283751
137   295566
138   304178
139   315670
140   315205
141   330693
142   339477
143   356722
144   368559
145   385210
145   407823
146   430065
147   459373
148   494449
149   531678
150   576922
151   625917
152   682490
153   744777
154   811962
155   886622
155   963479
157   1056090
157   1154658
159   1257643
159   1371853
160   1489153
161   1619086
162   1767748
163   1909394
164   2065590
165   2249733
166   2413498
166   2613313
167   2830167
168   3037629
169   3272299
170   3514529
171   3764154
172   4034820
173   4319314
174   4593480
175   4890802
176   5199530
177   5503985
178   5823838
178   6151951
179   6483879
180   6795202
181   7121037
182   7436812
183   7732805
184   8032640
185   8313031
186   8591039
187   8861339
188   9099326
188   9302605
189   9465319
190   9650328
191   9793323
192   9916534
193   10023313
194   10092061
195   10168451
196   10238395
197   10303453
198   10399568
199   10516545
200   10678544
201   10906914
202   11184533
202   11566920
204   12021603
204   12634228
205   13400056
206   14284998
207   15317201
208   16533383
209   17920062
209   19447810
210   21112942
211   22969908
212   24893498
213   26968226
214   29116640
215   31244220
216   33431406
217   35555442
218   37550282
219   39352023
220   40954211
221   42289130
222   43206575
223   43753551
223   43863773
224   43426075
226   42508023
226   41031682
227   39106601
228   36728691
229   33923167
230   30869711
231   27621332
232   24250199
233   20942829
234   17760548
234   14796299
235   12132805
236   9813434
237   7860100
238   6258682
239   5025635
240   4083713
241   3397611
242   2931618
243   2616264
244   2408475
245   2297812
246   2238834
247   2199196
247   2179607
249   2170454
250   2163086
250   2146248
251   2146524
252   2131924
253   2115045
254   2096277
254   2090200
256   2061046
256   2034578
257   2009949
258   1990911
259   1944438
260   1923033
261   1881965
262   1834094
263   1806142
264   1776876
265   1725219
266   1689874
267   1638671
268   1604795
269   1560954
270   1519508
270   1481010
270   1421475
270   1375084
270   1307583
270   1239013
270   1181452
270   1119997
270   1061474
270   1009496
270   957672
270   915980
270   866475
270   829630
270   792007
