100   751
101   1426
102   2064
103   2881
104   4327
104   5034
105   7095
106   8076
107   9493
108   12692
109   13537
110   15987
111   18166
112   20170
113   23192
114   26450
114   29391
115   32769
116   36118
117   38754
118   44042
119   48292
120   52619
121   58152
122   61589
123   67221
124   73138
125   79062
125   87984
126   90837
127   97517
128   104844
129   112145
130   119465
131   126708
131   137083
132   145343
133   152428
134   162856
135   171733
136   181505
137   191498
138   203124
139   218852
140   232535
141   246275
142   261892
143   278851
144   301341
145   324831
145   348664
146   378266
147   413354
148   450178
149   491186
150   530692
151   583515
152   641007
153   697618
154   761469
155   832131
155   905594
157   988879
157   1079782
158   1172916
159   1271787
160   1391204
161   1500577
162   1628644
163   1768603
164   1917098
165   2068208
166   2226531
166   2412480
167   2596522
168   2789454
169   3001048
170   3221649
171   3442029
172   3671929
173   3913813
174   4157682
175   4421436
176   4695924
177   4939813
178   5220378
178   5490903
180   5760904
180   6043737
181   6301597
182   6566418
183   6807706
184   7046376
185   7264867
186   7462671
187   7663337
188   7839628
188   8006079
189   8128190
190   8241125
191   8362064
192   8454366
193   8526206
194   8589103
195   8691572
196   8761011
197   8866315
198   8986178
199   9172961
200   9402514
201   9707904
202   10092324
203   10567672
204   11188052
204   11907464
205   12771156
206   13754071
207   14849987
208   16132706
208   17518483
209   19020045
210   20672085
211   22366329
212   24203347
213   26042432
214   27852570
215   29729037
216   31442592
217   33046899
218   34525257
219   35754015
220   36675440
221   37369717
222   37603310
223   37380226
223   36708435
224   35726940
225   34222290
226   32360571
227   30068719
228   27553734
229   24807584
230   21929954
231   19089452
231   16283525
232   13624830
234   11199040
234   9057677
235   7196576
236   5644161
237   4436036
238   3477930
239   2775366
240   2272930
241   1920610
242   1714962
243   1568561
244   1488861
245   1439450
246   1403527
247   1395680
247   1383554
248   1367762
250   1367861
250   1346184
251   1342750
252   1325278
253   1309046
254   1294164
254   1273445
255   1252002
257   1228341
257   1208340
258   1185679
259   1157276
260   1136377
261   1106469
262   1082359
263   1057171
264   1024242
265   995554
266   966962
267   944011
268   917264
269   892335
270   866580
270   835809
270   800183
270   764069
270   726992
270   687769
270   653373
270   615338
270   586942
270   554886
270   526345
270   500472
270   475609
270   449926
270   431877
